0,1,Class
-0.5825445491196148,0.2013502879063256,1
-0.03797623933058869,0.8246168171601391,0
-0.6216074065544728,0.1281276066570678,1
0.3574135052701868,-0.45261777273160986,0
-0.2350845191897979,0.28552082620484365,0
-0.08304980413176488,-0.03677333001250904,0
-0.8228448604632268,0.10991575943433651,0
-0.40544110572934167,-0.09477231380086959,0
0.14215830802729634,0.31655370367969393,1
-0.9046470073901662,-0.17716090485995473,0
-0.008874728052517655,-0.5040944357772943,0
0.4239986183173985,0.5193807597647226,0
-0.9685542515134742,-0.1255548336947414,0
-0.03570391100706116,0.8158732042575396,0
0.39500101416918065,-0.5993888784873345,0
-0.2476299292636941,0.0005003157356469057,0
-0.7818356516130585,-0.37878395524406483,0
-0.11811466637384349,0.41676029999892306,0
0.5082105680494899,0.061978304646835625,1
0.7819501666252262,-0.25514520627406845,1
-0.4731857152743988,0.7492894060359476,0
0.6653360285334828,-0.24156845088912537,0
0.19985863320271502,-0.2247311063672799,0
0.20926207069733938,0.8183563778123668,0
-0.3053304221555786,0.39386409450028004,0
-0.07373935129834974,0.049625412424941784,0
-0.39645144052994397,-0.24397074015607312,0
0.9330034777103804,-0.15455120571304648,1
-0.8466912430467446,-0.4196704420260011,0
0.9653398037163143,0.20442261292915131,1
0.9065373517705826,-0.3613126500801318,1
-0.3317054767875214,-0.6156946797389573,1
0.48766213901687316,-0.5918556169705596,0
0.3480893245175778,0.8206702689694072,1
-0.14307436202083745,0.28563856741252835,0
-0.7105070558372699,-0.5931144685791192,0
-0.15177553667774868,-0.6684417424386848,1
-0.6199472692914767,-0.26810885260250883,1
0.6673643269571168,0.09681902792051789,0
0.30370953072869855,0.7582501060001106,0
0.19992705727421334,0.5120325887749249,1
-0.16360271690122863,-0.5090011293854557,0
-0.05516965986768119,0.08328257062711897,0
0.7268797378232081,-0.6145945567115725,1
-0.1219998878672619,-0.5013190523162478,0
-0.7149506988097065,-0.31459479993037265,1
0.549621858912335,0.48776699353523,0
0.3723458841181382,0.037129051588491,1
0.027432975505667923,-0.6491570404298037,1
-0.006590058692055534,-0.018473308704899605,0
0.4923786826702752,0.7388817133277397,1
0.3683068763064534,-0.21158203616687654,0
-0.07192732726628237,0.6970856511568888,1
-0.3317524779166956,0.5337984066589752,0
-0.18946055191241662,0.1096841498702239,0
-0.8754991763564177,-0.10484279927477225,0
0.41756380357239076,0.779970091937461,1
-0.5711686830091567,0.5386829958257386,0
-0.013941420497895818,0.744821564848176,0
0.21705298302202047,0.49038363377234395,1
-0.045813660089707,-0.18165176269100303,0
0.41359944551028693,0.3286290096930915,0
0.624428607950779,0.4343277523515492,0
-0.27531547541499446,0.6134013466556156,0
-0.31710043999059256,-0.5536318688965898,0
-0.09087751815055345,0.4276390020508025,0
-0.09263035980453149,-0.13505131338751086,0
0.4886272511533012,-0.52519911165398,0
-0.7508082667465965,-0.45855930785087784,0
-0.9372630647134776,-0.12143907439130164,0
0.06053401413953985,-0.21021760084736063,0
-0.32550635114828097,-0.004229187489397379,0
0.027446852296340696,-0.4778474979549281,0
0.21310948939481777,0.7392619407242778,0
0.02313324495157487,-0.8199133955943216,1
0.14215373547740406,0.6669149942637262,0
-0.5302226559250953,0.4573209702227541,1
-0.25875690735143975,0.09590443073190036,0
0.2822448300584557,0.6290335782724559,0
0.2725600480233712,-0.43663091588869474,0
0.3473252565076794,0.33683543821926354,1
-0.6364607432759739,-0.5409106461996613,0
-0.03537065413647178,-0.8315361707104301,1
0.027144587504838613,-0.9375739306713393,0
0.48108535943169883,-0.7575893831848821,1
0.6426517178670899,-0.028850669424675734,0
-0.29404033624377135,-0.21180634866622872,0
-0.12719482177953711,0.9810703001059247,1
0.5619395947074572,-0.41052621270506773,1
-0.6382859289346803,0.6643679745147844,0
0.9122520490780222,0.24259368555441752,1
-0.5516844988329734,-0.5394417944624359,1
0.03696012272086957,-0.17957895046256311,0
-0.18768857961044305,0.8692527287095548,0
-0.9253835111776927,0.1690715754191745,0
-0.3598553155100819,-0.6271179396262567,1
0.20685241250738517,0.38276797780941596,1
0.752105179977808,-0.10919970521375122,1
0.3351191334428121,-0.12387406575502213,0
0.4928732831665965,0.6057668375797765,0
0.6097852059500641,-0.2963614190790671,0
0.21819500964759486,-0.028268537506898728,0
0.6788975978370064,0.5496028094186654,1
-0.5834690959478439,0.6339690601987802,0
0.9013161366000098,-0.2793121124149276,1
0.0026302393202590757,-0.2878295661618153,0
-0.6547177148754244,0.5739074802530268,0
-0.08507833173621138,0.42329312572625266,0
0.13366731149992606,0.6477286218011746,0
0.25053100984800714,0.41586334959248794,1
0.2168661001758716,0.824886186539056,0
0.6679971636674467,-0.4695403487232619,1
-0.5532633780385428,0.2690596425342586,1
-0.25276344591912725,0.9345108059584752,1
0.23199722712805104,0.6165282488564263,0
-0.12135415136023142,-0.8762362817528033,0
0.24643540181311496,-0.050415270217945674,0
0.15205544070183108,0.6617173064214501,0
-0.12550801603049577,0.29023720682373955,0
-0.8744137976903337,-0.43774390704796273,0
0.40211706239970413,-0.6912255824702822,1
-0.6449126356744301,-0.6006519191781927,0
0.6552145350000007,-0.5397474644454083,1
0.09845353253876632,0.1423193760443655,0
-0.3406677924333752,0.1505562118321151,0
0.18938127813987893,-0.6410177132092023,1
0.19242760951732296,0.8123436567552729,0
-0.4166142782918867,-0.8875930712366742,0
-0.145119926673696,-0.16559398939522385,0
0.7624691707612319,-0.047294364824951085,1
-0.6624365580040807,0.4172554886639126,0
0.16304317120192602,0.977980765209953,1
0.4839503686705626,-0.8343677121322652,0
0.6530283657643006,-0.34526166053585805,0
0.0791338615230095,-0.4667507527858843,0
-0.41411582324215446,-0.4022502117188902,0
-0.16904240849206897,0.7926932847354946,0
-0.40630996246548623,-0.5481429646609808,1
0.49384913801430685,-0.7979551847904642,0
0.24193283358569362,-0.30210479018558156,0
-0.0182887368288851,-0.05015437838001113,0
-0.6028886157400395,-0.2594924343664,1
-0.4015569776571677,-0.2573820816445813,0
0.8475177505876463,0.42820054231220706,1
-0.39455630383969487,0.24938553615669656,0
0.4601232675299569,0.045125044931277225,1
-0.17191017332623493,-0.9157843084371915,0
0.31112902019632926,-0.5946857644667374,0
-0.1981615495475586,-0.24779874525787515,0
0.6591688906571935,0.3187211831710881,0
-0.19072980418706398,-0.36844193116970403,0
-0.15694534804602056,-0.4448093570061884,0
0.3708466108200035,-0.004018013454670566,1
0.531359087898698,-0.6407170424385,1
-0.37909391750162635,0.026488633729617073,0
0.9524999785152544,0.07243311985907974,1
0.16622727854268793,-0.9003863210975669,0
-0.6909490027036156,0.5023231820020468,0
0.2549517715295384,0.6074950281856826,0
-0.4405246523679305,0.1802754275945786,0
0.652352201555152,-0.3208289140200995,0
-0.4848729257253679,0.3844652227533363,0
-0.5058570783804253,-0.703219868752651,0
-0.23029870845010691,-0.6356269128187859,1
-0.7083067665613259,0.4225697709841765,0
0.3612618089997697,-0.42018351072998117,0
0.1529460782686396,-0.5849003834046003,0
-0.2581102502635364,-0.6907268675700347,1
-0.27057759935658865,0.24882454458944103,0
-0.3284082469171723,0.8371936815222718,0
0.030678514926106848,0.8907061039032766,0
0.11491903105719592,0.6515925950814159,0
0.40152084106528485,-0.5863229971749313,0
-0.42297803796872846,0.15465520832229251,0
0.23545709220748523,-0.37203194563589426,0
-0.6892905732226624,0.5442523447155496,0
-0.29864377373872975,-0.7876818342146239,1
0.18056597630678883,0.9026774230345989,1
-0.8517320078302897,-0.5076274636399263,0
0.22306601079277444,0.5437874777655078,0
-0.972553912660931,0.2011789234956043,0
0.3401740868972145,-0.7507091150052114,1
0.1112478869227842,0.09657349757014422,0
0.3242059692650163,0.9071213180587978,1
0.34057465770841544,0.764975630176681,0
-0.6441981031714274,0.2698469797699963,1
0.05361708490420103,-0.0006494689598790515,0
-0.8817733781222696,-0.03747847658427528,0
0.7038149373874498,-0.7053235523212218,1
0.6755102447331847,0.09355476129884899,0
0.17625086892462427,-0.581057802553679,0
-0.23090244923923908,0.24519043519230022,0
0.26668681840367503,-0.8206358710900385,1
0.36571178323538667,0.8804724961024302,1
0.3136932424760517,0.5260634153718691,0
-0.0976735683122032,-0.3089489521399946,0
0.13538491082500936,0.35034679791882484,1
-0.7604471397230772,0.25338295660976073,0
0.24759810916476033,-0.13691614241421046,0
0.10611103387747,0.07335855054715124,0
0.25828882651819085,-0.37964671642790915,0
-0.3356722227893041,0.04021707697484378,0
-0.6055917168048703,-0.27463061998953586,1
0.6404130188305612,-0.40029215590868983,0
-0.4148976540852223,-0.03919298111013547,0
0.03655046630992054,-0.9932364475753288,0
-0.43698709497938015,0.6029383409593971,0
0.5685625899979974,0.476692545220877,0
0.015454493012420523,-0.4108306859269528,0
-0.2966288818748024,-0.10666303359963503,0
-0.8506301107260994,0.11143444427152471,0
0.48153415405080424,-0.43356489301734125,0
-0.24506988861396506,0.7896734562932957,0
0.043376147303472834,-0.48534563566671807,0
0.07248544807933177,0.07798815664380854,0
-0.13681466144749121,0.39603492666186124,0
0.8250699294795376,-0.3394196429303449,1
0.046925898126381815,-0.9167378311160181,0
-0.2423473758985366,-0.5896703707986675,1
0.5560453563418444,0.7221842847131978,1
0.4511384567933212,-0.8181804384770033,0
-0.2181455358893165,0.29577574067909485,0
0.8311249762020014,0.1893291011537268,1
-0.6351743749154424,-0.6742464596946942,0
-0.9147598411230236,-0.3276824489517063,0
0.8015099511781214,-0.12366109403368464,1
0.363680076157761,0.34414476559217433,1
-0.5912562133479757,-0.6526272547811967,0
0.5258145663502256,0.5127787420081102,0
0.008633918285682496,0.6632239136436933,1
-0.7616580592436928,0.6116121986358507,0
-0.21443864144267022,0.06591648904792535,0
0.27688217996549613,-0.8180477631085394,1
-0.8797817195197872,-0.07983319528848054,0
-0.643961536634629,0.5866079656511614,0
0.9470751024633652,0.2832962902067877,1
0.3990480101223228,0.18148665988579804,1
-0.47834607718317446,0.7883170335591014,0
-0.3342514358537496,-0.597672704716707,1
-0.7641423051978606,0.12314409086103772,0
0.35016824481661746,0.7852800137293858,1
0.7547841624141329,0.08297314719110527,0
0.7420999686300331,0.2167263032417177,1
-0.2851161857052571,-0.7912446062712046,1
0.879356258832471,-0.42927083917392905,0
-0.24335750832242597,0.5216265691664888,0
0.7256123256236351,-0.5106120900014097,1
-0.22906599634178515,-0.12189353000637526,0
-0.5342510000656153,-0.31605990994376953,1
0.5969982710054391,-0.6423517839846598,1
-0.03456257224298476,0.5535093145621073,0
-0.7729859692459158,0.04798192750799912,0
0.3868054653599837,-0.3602326039971804,0
0.15667338639143247,0.898718270169347,1
-0.40281562909016144,0.08149944312287682,0
-0.7600827559097114,-0.19854515991228583,1
-0.15966431387276847,0.09262968553131401,0
0.5202153367837299,-0.07354383299705836,1
0.38221830895064324,0.757182374430386,1
0.47613760939190586,-0.4328924771283822,0
0.30572203653213514,-0.8147015033489597,1
-0.17968515578056232,0.7185395714465064,0
-0.7425121416085028,-0.25883297793123616,1
0.3767501810704079,0.6078383149429714,0
-0.6793812565765356,0.6064475730175445,0
0.7220182383269156,0.27969948375165,0
0.11764885796822222,0.24663943742214411,0
-0.13374456839173132,-0.0054544064258543745,0
0.19252769093100053,-0.23844828802573215,0
-0.42090627771096867,-0.7441265721413604,0
-0.17676498059328338,0.7154057120061641,0
-0.8566273205688739,0.17362557038791016,0
-0.8963428039469234,0.4014449497915107,0
0.35282307454001005,0.8860100502175392,1
-0.11544901320234735,0.1862258450733445,0
0.5047101138912937,0.6120994181500201,0
-0.9883782380988595,0.11366551091968269,0
-0.051837687388007314,0.7303706256268789,1
0.32493898174029656,-0.0003030701078321485,1
0.06173573114628872,0.9356409964342856,1
0.7731044217476479,-0.4692794989797464,1
0.03256735510872533,-0.015554483960367183,0
0.6336127022863256,0.11370162274666784,0
0.9423142340449733,-0.07693927462096872,1
-0.13981471559702086,0.47001111227154224,0
-0.3595525110469837,-0.47066959763433935,0
-0.24986658161368602,0.9201926389280477,0
0.3208643309099366,0.3529628515051124,1
-0.13890141102991072,-0.3014473724334161,0
0.11681227255543258,0.6255274160604156,0
-0.5469593841628158,0.5271832361427393,0
-0.6602833372660246,-0.5999281777576646,0
-0.7300291836490784,0.010901083821494018,1
-0.8530206272469407,0.20481397642733334,0
-0.48118282385139843,-0.7514689489710038,0
-0.6136738149609626,-0.4742761141410634,1
-0.719349044260666,-0.18493089959210152,1
0.4401556787575851,-0.37536723807172256,0
0.8181281268637848,-0.29650348655294523,1
0.5386607109515547,-0.18402675722262485,1
0.05748607195982691,-0.07821865731392941,0
-0.8206061193850795,-0.2559410542804048,1
0.6678252780775706,-0.12078632473728912,0
0.9610810817703006,-0.17174809561361637,1
-0.5633579872433674,0.08654150003709571,1
0.4513131207382832,0.1985402741582718,1
0.05884096878462364,0.598404946449993,1
0.22089219647592118,0.8339580385582495,0
-0.8429564670280874,-0.45647426045991635,0
0.13334503194261837,-0.597477006555541,0
-0.06080909469449236,0.661074748836618,1
0.14890626251200656,-0.17104319562142334,0
0.6549915807941817,0.0604322169187248,0
-0.009185957301247383,-0.7383018216295796,1
-0.4084820980475772,0.7409975242867235,0
-0.03465075665064421,0.8359964824520332,0
0.42262602949060635,0.7467489467335826,1
0.3331762296930485,0.8404303161473312,1
0.6772986574739772,-0.579274071545197,1
0.5897927343364042,0.4476335414465682,0
0.21800499637574333,-0.5104517515412266,0
0.3437488142469407,0.5699273828918485,0
-0.23065438335961042,0.20042768877275008,0
0.75697074220202,0.2823955846147921,1
-0.7276396831548961,-0.10100089416124591,1
-0.7336945168006719,0.35085115054840754,0
-0.7600243164881519,0.3262070627176339,0
0.6142444284935333,-0.3511170048208816,1
-0.18180477565358633,-0.3347136538841169,0
-0.8755615175351967,0.1512771282287022,0
-0.17117781030884416,-0.886560494079772,0
-0.16082600964693183,-0.48114658181295455,0
0.5090617274155944,-0.7394458775545902,1
0.11378866305944513,0.1879100946163006,0
-0.2462767583230996,-0.04543788895533063,0
-0.5813570600669447,0.27359235181132435,1
-0.3069060592761188,-0.5924587631062501,1
-0.22140393298392458,-0.4338104574264605,0
-0.5681230184745163,-0.22348205123115705,1
-0.32453368308861497,0.8397162722671248,0
-0.2623055917081274,0.1521466501990385,0
0.8411248208208808,0.2787051538441674,1
0.03333963191528411,-0.2066513798663061,0
0.25702987837591507,-0.7394464718124827,1
0.4132104979193607,-0.5237293277277475,0
0.20202211596763076,0.9279580019922831,1
0.7975424771761417,0.3623487513238144,1
-0.09952308015916644,0.8911363606493452,0
0.11185270225885313,0.18679973560648988,0
-0.24378478161531691,0.5849176322602443,0
0.3285179726530265,-0.14082528373189285,0
-0.37427245736163606,-0.2730882703809918,0
-0.8792743616836853,0.19841261859300174,0
0.21172034233563597,-0.4077453598771841,0
0.062354071129481214,0.2852216232211642,0
-0.5056828095701351,-0.5298993419587144,1
0.20791446385296974,-0.6113939252182121,1
0.6996873050090935,-0.231466301164438,1
0.08629822202379689,0.22438998400894783,0
-0.04394636016034892,-0.1914152626748411,0
-0.3591344766138249,-0.5992611752631807,1
0.14967167584343177,-0.7628427389667314,1
-0.34491199464011935,0.511856134189131,0
-0.4422323277616156,-0.5128125033467104,1
0.4745766977098995,-0.7469898069502925,1
-0.9111431480718652,-0.39747190497088436,0
0.37260116243952224,0.725614425737211,0
0.28789054488846877,0.2111060356585468,1
-0.1255661629791549,-0.0027076654003734824,0
-0.7167176393062711,0.02073279680862039,1
0.9089577457021778,-0.35372610040206376,1
0.7215611873232319,-0.42398272238991286,1
-0.24625000728747914,0.592447080924408,0
0.26811527194674434,0.30380358122835904,1
-0.6503300639854239,0.0946071282545129,1
0.2722942102849306,0.6300223633717421,0
-0.8179111209611662,-0.002282210212499969,0
-0.39286630376312903,0.904874468956274,0
0.4565931366803886,0.022648944924905434,1
0.48321716517753033,0.46408134417838265,0
0.11367943108514078,-0.31306859005644005,0
-0.23693376325038007,-0.3616866229297009,0
-0.7570522688686214,-0.6460940664617159,0
-0.35821385521343774,0.34492357906103943,0
0.07161077656204151,0.6062966424656584,1
0.880790722311638,-0.4329465593551338,0
-0.4547844972796602,0.23670984268186457,0
0.33742912100206013,-0.1995879747497351,0
0.3449725305626876,0.4256289758982943,0
0.4546845151702894,0.7414009218299906,1
-0.5907814389904775,0.32710439116981394,1
-0.4409443263308628,0.8519981459325758,0
0.5993312559601007,-0.44237738273017224,1
0.9498248137695915,0.18780396892414397,1
0.08745783994965706,-0.5103756565393622,0
0.4518062671528269,-0.02003234995690728,1
0.052523850217399026,-0.9070717045035523,0
0.7067309142352971,0.05402243637663995,0
-0.8602748994264,0.3124984320468853,0
0.8251495786915592,-0.006753234081204873,1
-0.5381219265759336,-0.3736394974988,1
-0.1397762574692889,-0.5466091384331686,0
-0.18709028543910544,-0.7240327064534329,1
0.46579287343806897,-0.16214567121078405,1
-0.3321196636050805,-0.0221175990279181,0
-0.07690254159625454,0.7397056933808532,1
-0.4318982481956055,0.615257602249186,0
-0.594400464821432,0.4934926420568404,0
0.37557656595443234,0.7124896449387854,0
-0.4513568327872468,-0.18655060809492863,0
-0.30958972277498353,0.8432396444123706,0
0.4684544429006674,-0.5361038509494207,0
-0.6478916892247193,-0.19693580701680347,1
0.754781545821136,0.3934380375605804,1
-0.7453159354967789,0.4056948956231081,0
0.09591659312838341,0.7192833225884199,0
0.02472582261316325,-0.3009049346473358,0
0.09173137246390262,-0.09112857761380089,0
0.8590532985108719,0.11298578790882008,1
-0.32947873509141345,-0.543418616055031,0
-0.20411872395968733,0.7163586981778631,0
-0.19866392266982436,0.8726469237270547,0
0.044077366053762335,-0.14442620747000512,0
0.4626928642732806,-0.8366728918648283,0
0.7284182652744908,0.6559575047079436,1
-0.17420798045171582,0.438893646374366,0
0.235045865679667,0.5182204634455216,0
0.05034121496840216,-0.3599596640567013,0
0.2993731782548352,-0.5066860512216598,0
0.02427305346937647,0.8443384202805904,0
-0.5537097304276584,0.4650939143601813,0
-0.2636221694011487,-0.14542929599605547,0
-0.2297269594417588,0.6456202878332271,0
-0.6815792296738072,0.2613763621272711,0
0.6966545708659093,-0.36619302875676407,1
0.1645227678621788,-0.217697577464806,0
0.027423943102410364,-0.4684912363332969,0
-0.13932020926895183,0.589811148292279,0
-0.16592708251023014,0.47931781848229327,0
-0.5806155635285979,0.2716898713402349,1
0.9755346990455118,0.05780387030384171,1
-0.6831113696054769,-0.47616354643230485,1
-0.12720350900653665,-0.7866382619124805,1
-0.3462598205512808,-0.04122309080479414,0
-0.7174107226440964,-0.07394449895583954,1
-0.11188743544838164,0.49094723482497815,0
0.2422641040704816,0.17190374207056824,1
0.7530114375787496,-0.10224593251370573,1
-0.9873611998741663,0.13183983693544254,0
0.37655176733100215,0.12902854495653915,1
0.5746076894035226,-0.07596621098128331,0
-0.4172537452262868,-0.750903302794806,0
-0.1681820074178788,0.5509739869746269,0
0.32444788352403897,-0.4987363549242205,0
-0.865697097886996,0.29760915860761106,0
-0.46913657619959914,0.5831213091688434,0
-0.7790049809144677,-0.4565133043049254,0
0.5507138165250307,0.40941379984772364,0
0.18313245044616488,-0.5882839522070775,0
0.17928955159784743,0.23219444581609383,1
0.056029297615836304,-0.7311745934239413,1
0.07264013237306721,0.21822383355403008,0
0.07882647200077475,-0.7577060484665721,1
-0.5997335181494459,-0.7577838030347854,0
-0.7227979923227486,0.619878770499992,0
-0.5958154538332701,0.24841836097482384,1
0.4279515239224809,0.7475322742782795,1
0.6809414270239296,0.6663430161657387,1
-0.02961104638117984,0.038554289764828775,0
-0.4536216878593917,-0.20448404210445137,0
-0.7546498812334086,-0.6412653559079464,0
0.6015186818797946,0.5642963917273851,1
0.22605118264379853,0.6721681027254842,0
-0.5838230919875427,0.7908710500949105,0
-0.13284976745291655,-0.5614856110501054,0
-0.74902280378909,0.4023383958482223,0
-0.4357884652632771,-0.5022518955532365,1
0.47227819567290186,-0.5438306998965565,0
-0.7416346721786198,-0.04412047116636875,1
-0.9337423900154123,0.003405994353216313,0
0.43883718976468056,-0.8305584925715279,0
0.5626575801833491,-0.6827487608499567,1
0.2265145082822304,0.8401226641628776,1
0.16780361288200996,0.4816631467936765,1
-0.8305017385655766,0.0033328984688398844,0
0.6609183202972948,0.2432458131030275,0
-0.06360027323435968,0.5322251550333414,0
0.03689858445286753,0.8499547909299798,0
0.5478972008064933,-0.5437789386260503,0
0.8845925101587293,-0.39420356722657934,1
0.1374324451593485,0.688386952617696,0
-0.5913162882290015,-0.29171621564656913,1
-0.6613428545982372,0.4845515278713821,0
0.27647572449530444,0.14418315682961236,1
-0.7141798188581729,-0.584311837717413,0
0.5607032383465049,0.506300664404681,0
0.3631751125808036,0.5931258798654435,0
-0.3386958947756802,-0.6364882862185024,1
-0.247979040791934,-0.035795623638421814,0
-0.7396825274752699,-0.17589905520324245,1
0.23755928608034438,0.31939796768765993,1
-0.04220192773051323,-0.25289838206782655,0
-0.4906767823150606,-0.08124610518482656,0
-0.11500286893618794,-0.8269919742414471,1
-0.3088865093436066,-0.826733738450601,0
-0.1473571262188389,0.7738818730107841,0
0.06531727926985753,0.5554972497125548,1
-0.1812180297180772,0.5084243265012438,0
0.21107021212251253,-0.3050519623901229,0
0.4000399058255897,-0.20475254964012213,0
-0.4187369521106312,-0.14540682713171704,0
0.760081795385622,0.3338343979574425,1
0.1233222737755375,-0.5601775387464485,0
-0.8053645904894449,0.4719057680757903,0
0.012314528598073915,0.4466225654726137,0
-0.9285225528174781,-0.09042635558403589,0
0.9657475495844743,0.029250392133092884,1
-0.48192163942214017,-0.4075211655044224,1
-0.460292315953871,0.036350755450608396,0
-0.610758809463515,-0.3820394594285059,1
-0.2878949999148612,-0.41412323419171515,0
0.5227527134697674,0.29732523923747634,0
0.04439052260733778,0.36134493528115885,0
-0.3491174088273399,0.4627077855107684,0
-0.08521871991998631,0.5259651045472551,0
0.3881224723737051,0.7943559044774722,1
-0.2507722947319164,-0.1354189877158125,0
0.40917208343485534,-0.36907023797814453,0
0.757568685782934,-0.43855772689397643,1
-0.11974594090112878,0.1170793131979122,0
-0.42744656166815775,-0.09726446992653148,0
0.07937752606114468,-0.5406404104616966,0
-0.6637994768007025,-0.0503166693079955,1
0.8371549873795778,-0.5008419672387148,0
0.057707595760953856,0.07448482857029926,0
-0.8835494960555741,-0.3264923966737008,0
-0.4471615172262202,-0.357141338368125,0
0.19965274392141552,-0.462083983859193,0
-0.7773383635448043,0.46290616134122375,0
-0.7258795077180116,-0.2023995118304489,1
-0.47099274819777226,0.757996347525508,0
0.1672055918427977,-0.2041428323764365,0
0.41062862012295187,0.7341771315227001,1
0.4245626045247699,-0.3160729249686587,0
0.04710223882657605,-0.10496541139825122,0
0.16530716671555856,-0.7086781953257235,1
-0.5724324857317173,-0.4571817878600162,1
-0.7103208773418288,-0.21400113969636592,1
0.32664835199447295,-0.6591632544844674,1
-0.8726456062814407,0.2674474478414457,0
0.20167621471759856,0.8232013934147708,0
0.9804990146220862,-0.13776040099788034,1
0.5393372555426945,0.7516644394124936,1
-0.3333786993740786,0.7797370450954422,0
0.1493118504520199,0.9246102118931885,1
-0.19803091281696705,0.1772975947001303,0
-0.8621486442794235,0.43067287338459015,0
0.3933373132259137,-0.2530997021816903,0
-0.28158135658939343,0.37133064031941565,0
-0.019792813464710957,0.24975062515548996,0
-0.4951801058517735,0.5148438264199475,0
-0.1265527740944179,0.2659004431415264,0
-0.2034689988378462,0.6338609806562112,0
0.9358360385168969,0.2334685215260499,1
0.9205254338571891,0.22110836180106608,1
-0.7626801412579578,-0.2450399998795907,1
0.27216838881154537,-0.6663811722609165,1
0.32147212893858534,0.13976840108943334,1
-0.7176274237999434,0.6186031986448817,0
-0.23921223428899352,-0.24923387076663595,0
0.5322933190412398,0.6961400560272475,1
-0.9138980675323434,-0.0984158983127672,0
0.5344578940074405,0.6549597558632696,1
-0.727430369177239,-0.5862169271801578,0
-0.41678449859625144,-0.232905098737765,0
-0.5513290860842304,0.5748828013935166,0
0.665782051763075,0.3346321764616369,0
0.28216861167885243,0.0767495140054304,1
0.9619056689675858,0.21050911864097976,1
0.317222607786559,0.6449433121025228,0
-0.3651733949225524,-0.6507010950591359,1
-0.47624928935815225,-0.39757831358778173,0
-0.5331859764288174,0.49447596010463113,0
0.5968684485114728,-0.6752945406621469,1
0.4077893724140378,-0.8383063809181837,0
-0.09678133280448242,-0.0751294174012358,0
0.7459425456470832,0.09287751372901965,0
-0.24834943228165618,-0.8149207232752425,1
0.5647872102703302,-0.44654528786528047,1
-0.3565104728634618,-0.35264399054282025,0
0.17104809194911974,-0.5285566770700345,0
-0.42889900227637967,0.47186122800541486,0
-0.6143067791882013,0.36871303956323165,1
-0.3924686554324257,0.3889310625766049,0
0.45546768898944356,0.46918380741413923,0
-0.26862231835665273,0.9475698925273104,1
0.22967667874255038,0.7551189087246326,0
-0.20894879768934094,0.079147995163795,0
0.11176856461684914,-0.01950398511888607,0
-0.22930860621209903,0.3974727128095996,0
-0.6692892171784413,0.5948903056732227,0
0.0347695676148001,0.3096924525553797,0
0.8490490007251423,0.312331593363971,1
0.1709938703204601,-0.46842092171428495,0
0.0783161307893041,-0.8648424532739369,0
-0.2943418246667586,-0.18423854965647157,0
0.6298801672515144,-0.1725776362256406,0
0.3342974547511668,-0.39127093429648574,0
0.615808364329937,-0.21981914706564454,0
0.172115056755207,-0.8793850328153872,0
0.38273130168556024,-0.6644367549588108,1
-0.41325374186741537,-0.03181935759058496,0
-0.12577745287959874,0.5411593407086153,0
-0.19434231316636197,-0.4145166786751273,0
0.5095059981461549,-0.8381586160682291,0
0.2658887089049178,-0.2662403462134506,0
-0.2650513490347921,0.12690830843470313,0
0.07245278423053603,-0.5095673464529833,0
0.8005289449737834,0.3508114891738865,1
0.6785641337922903,0.7036722504597999,1
0.2666299719384695,-0.9275475558199298,0
-0.07708262947908073,-0.4776510053682239,0
0.41364092866069924,-0.15650259306928405,1
-0.280263066849733,0.26795426439056413,0
0.8517973692109151,0.4161424042343733,1
0.5513215408764762,0.6963212309317497,1
-0.2890100997119496,-0.0669674450974096,0
-0.03708688445772723,-0.10767607125960654,0
0.17532063986169133,0.3163185397737498,1
-0.8600165432411802,0.07010685611712808,0
-0.2360689424186262,-0.7863318186944566,1
0.6100812871268979,-0.7174323398918685,0
-0.05191006911461571,-0.8129847504587615,1
0.15648896425559577,0.35881985801412397,1
-0.07283254150502216,0.03445038001365175,0
-0.6647235765112194,-0.6464598891706543,0
-0.10105499713173205,0.7978937889339748,0
0.4336239830178956,-0.4825567787227687,0
0.03998344720521074,0.19278361851577386,0
0.4773097666025039,0.6839804020634113,1
0.4492613193921242,0.8602336372047787,1
0.014589102722274427,0.16135814487773592,0
-0.5009340790903178,-0.41673350064707626,1
-0.08520425969878542,0.09545328462965252,0
0.01642128432613288,-0.8135037728048058,1
0.7438975906455492,-0.49334345279032643,1
-0.5609604072898011,-0.7841038620447209,0
-0.4684492747519917,-0.3751299876497354,0
0.19460919582964764,0.03911370373496936,0
-0.09954739614377806,-0.42435781315069687,0
-0.8839158859295229,-0.18192312899109253,0
0.2573191441370457,0.8214211975790984,1
-0.6799464702090534,-0.41129057513767564,1
-0.5891111144669796,0.41394466987365974,0
0.2500782069206644,0.8999887435179657,1
-0.8015040932890041,0.5438676466528984,0
-0.6953055490417699,-0.29914465388532085,1
-0.33658862696689407,0.708595609685857,0
0.6808436390356234,-0.46924191544588045,1
0.04521183272717,0.2792693304271774,0
0.15691103361988712,0.8788658612635927,1
0.5024814986498287,0.22435229265319356,0
-0.7165785275222911,-0.6293404381817393,0
0.7692515561827129,0.345949293325883,1
-0.11252405444391123,-0.8273981777982884,1
0.29020422022690084,0.2238513032036087,1
-0.20419381650485602,-0.5852705795563384,1
-0.28185408908850684,-0.08951818195812344,0
-0.43120518394058927,-0.615572442856755,1
-0.15405680139682576,-0.5250566371798691,0
-0.26133611955201297,0.009211097018204661,0
0.019551121430834595,0.6559791067881873,1
0.4581151169373685,0.6162140051231311,0
-0.584958044572049,0.2395026283745334,1
-0.17231612537209795,-0.0472301074522159,0
0.6943681939727024,-0.6197777589308129,1
-0.02283797927466713,-0.35605099256515405,0
0.7674723824157663,0.35439482019983526,1
0.016983470675973944,0.32614532961566844,0
0.09332787380263197,-0.33825322883667863,0
0.7715289236252509,-0.41350133894012897,1
-0.520724044173668,0.39718463577692065,1
-0.517225634405873,0.8499949679743877,0
0.22949741132258605,0.1642575077397379,1
-0.48863073216321284,-0.4069159973437102,1
-0.5080475405995557,0.24992100567596753,1
0.644167515298746,0.5069812116822068,1
0.07890900775188836,0.7534715049381975,0
-0.37723618212077503,0.6434268981689393,0
-0.19784128392364853,0.3753904901671927,0
-0.840015951326571,0.25138315818573176,0
0.12552768243223067,-0.7214343875946043,1
0.1788388499661422,-0.45260337348354973,0
-0.09598369279824848,0.18676403989849,0
-0.7162484822529209,-0.5408075294063883,0
-0.44675871138622836,-0.7472140820263513,0
-0.024222657077895837,-0.24166839802544549,0
0.4139790850820426,-0.09472457431441694,1
0.49984228173165857,0.04775885007642855,1
0.41571549519026396,0.5423974823355753,0
0.5678795361776112,0.31745035943473865,0
0.5438756102644731,0.09223053533476544,0
-0.6509349282422479,0.6180288838577601,0
-0.5727602262380518,-0.2630414228354401,1
-0.4335207132303047,-0.8977980911911869,0
-0.08254179350387436,0.10228815642416,0
0.022659578069537556,-0.49479407400411723,0
-0.47733624551076015,-0.07245803177376975,0
0.19990613160857995,-0.7937222621013691,1
0.27755051668455466,-0.7166227129140237,1
0.5446774251919013,-0.6845360054202532,1
-0.11690794954696804,-0.6089550507852604,1
0.48444393370041205,0.853904003167612,1
0.6799186769892429,-0.07669349442394857,0
0.8014155904670699,0.1908303331995722,1
-0.19156390308662252,0.8338367598207881,0
0.7317623165982012,0.06583083191438477,0
0.7306953654540365,0.026536190151388528,1
-0.3646620129145608,0.47633187899799867,0
-0.16726523695088336,0.9415474330539104,0
-0.2342504546751627,0.31556015325525477,0
-0.6433950303917071,-0.47253326583176625,1
0.7852374998396128,0.2676364597215508,1
-0.15748854221733266,0.5310431857876927,0
-0.47907136501062997,-0.759059870397764,0
-0.6748032444050456,0.31404501147931807,0
-0.20447354731018574,0.836682844686935,0
0.02238375693991923,-0.4119247793783851,0
0.8117481789979855,-0.22384677723060697,1
0.17557777547831233,-0.7819911633884398,1
-0.5042065801774727,-0.5293849763584648,1
-0.40656927782789865,-0.3061784880283154,0
0.7532084987880949,0.4118194198574954,1
-0.1276536914602695,0.1423867592795065,0
0.2653118111966424,0.7629958980126719,0
-0.3290136956341909,-0.23056077848298195,0
-0.42490870923855817,-0.6933818817688868,1
0.4770155331814103,-0.7590022940033618,1
-0.4307038947394757,-0.739622489065686,0
0.47727180536888514,0.32051455478222235,0
-0.2837232063456938,-0.6219286966814352,1
-0.35915363099658815,-0.06538782334566728,0
0.45761547093359023,0.32765563164191436,0
0.622653141675779,-0.08983149237891652,0
-0.6290276951745251,0.43238917167450364,0
0.3838142248526575,-0.46170131611520104,0
0.28105249507130403,0.7914796468938046,0
0.2022619145978044,-0.42095930793743874,0
-0.8265128211953219,-0.1712614581937626,0
0.4014366654775503,-0.33406912030319713,0
0.002349197740665332,0.5311433504621759,1
-0.7818914780455968,-0.48893584575101046,0
-0.520461390654922,-0.11541892517749641,1
0.2785397681130759,0.6817015978612067,0
0.7969175023751462,0.49853399057139125,1
-0.33608339511848184,-0.8684941869694494,0
0.3508468305502048,-0.2934140168005632,0
0.40522576020746026,0.5803630990591431,0
-0.34357255939584763,-0.6224942832114699,1
-0.028017298344576558,-0.2933334435285748,0
-0.8970541100827623,-0.2739289021435465,0
-0.40325467436469387,-0.246405964083672,0
-0.2529633945169065,-0.848969326829554,0
0.8544123580564014,-0.2255658862268577,1
-0.7693083206466826,0.018788853736362743,0
-0.4369872073035721,0.31388172682629256,0
0.28893480352740264,0.44690511020019663,0
-0.44151684072151176,0.15798005332843323,0
0.7255841426280276,0.4579012929201489,1
-0.20603953712010803,0.3368120723375754,0
-0.3426887402303649,-0.3368140896894516,0
-0.9089630732710474,0.30647885429008026,0
0.8471782641726764,0.3349822395112434,1
-0.08632023145708301,-0.2430128570689032,0
-0.49267916968224745,0.20043754259694269,1
0.0920770607098289,-0.2625499738703658,0
0.10164143357327804,-0.17697144362224604,0
0.6595114763708607,0.47491819019985404,1
0.1910383133895448,0.626766359121885,0
-0.6770466585196162,0.4856381680419677,0
-0.2980425105869824,-0.8058889046445739,0
-0.39625507855229003,-0.36469322392830317,0
0.6355677524403056,0.57185423362069,1
0.7068459085261729,-0.43082359228826705,1
-0.4394348280943763,0.3975929120288746,0
0.11411378323875776,0.014860655477643592,0
0.5528884122125501,-0.381519718503335,1
0.19338030348433,0.46987158483644276,1
-0.16431063066238738,-0.3800436837603165,0
0.5822310199827847,-0.767880772445781,0
-0.16250507285214666,-0.9088115437502957,0
-0.4215617183370819,0.0716488789963623,0
-0.28633863415263594,0.6530747582792353,0
0.4983838654085748,-0.13528844914561233,1
-0.18570875181322632,-0.19318536763046512,0
-0.6530048846003789,0.48854748058644115,0
0.4978085753358579,-0.050446858462063426,1
-0.9185146901463215,-0.2923877101506198,0
0.27027952960405965,0.12244720936918929,1
-0.7076833779998326,0.05191245064098715,1
-0.2622103262630655,0.2534522476081318,0
0.9030723821363185,-0.24089393962111982,1
-0.6420334241295642,-0.40263353921150036,1
-0.33766403890829166,0.8191584333776594,0
0.13634758329940833,-0.8936856796302,0
0.5100984649057387,-0.08486015508443434,1
-0.6398719138139186,-0.1865292763559938,1
-0.3481918739721157,0.9081240468684846,0
0.3893407903629076,0.3232545623949752,1
-0.5598890373123699,0.20089761851940735,1
0.42789090887423065,0.8110712492530265,1
-0.38188773898203476,0.10139477698886323,0
-0.2799135196317388,0.6988117192548406,0
0.3735803894602894,-0.7038573131606174,1
-0.1659588709496087,0.6762735585895778,0
-0.32098123186984306,-0.6911682194440307,1
-0.3298395404884562,0.1005817336649737,0
0.8925427849436347,-0.42206331603312175,0
-0.058429065862745766,0.1499206238073465,0
0.5342273534566839,-0.5412876284413302,0
0.26974878854665896,-0.8365516232160994,0
-0.2696987072012498,0.5135910243341331,0
0.19904728562210172,0.9242323158058425,1
-0.4666979288503714,0.2429877799655622,0
0.27521853873659263,0.3072961358237636,1
0.7257450387567366,-0.24507199250679434,1
-0.3766424121641838,0.3631842462607979,0
-0.3124671895701332,0.3772393208193989,0
-0.44421819155122644,0.5130922690814288,0
-0.07539128873771839,0.6460527028639125,1
0.4926174284826348,0.2780541069642417,0
0.9444945129081559,0.08575056782980894,1
0.19477433311899417,0.17865413078233328,1
-0.6118900337599056,-0.09731454676300122,1
0.658955250791323,0.557932138198544,1
-0.23229223694759238,-0.1877286479910969,0
0.5978580863076537,0.6152661294893458,1
-0.038355651689562675,0.5910832895835441,1
-0.740121062334645,-0.6634752039066294,0
0.4332519041640419,-0.3730737929739334,0
0.6943305306448888,-0.48551429812099256,1
-0.09894505906960216,0.17193039752354,0
0.07258528984618673,0.9064594069282348,1
-0.9618314863380111,-0.22133477643463562,0
0.39162771088534987,-0.6110943727766296,0
0.44246046678755535,0.13791744550394958,1
0.2087310776113429,-0.8847882031138201,0
0.14174216279174057,0.5407836008721412,1
-0.6798128358159383,-0.4942612895734366,0
-0.1133162064326314,-0.8056123681921481,1
-0.5601980278817238,-0.013850627220942435,1
-0.34028029278468064,0.05495731766989298,0
0.7992520867177522,-0.14259783290583594,1
-0.5138179620976113,0.5662770756174622,0
-0.27424146257121595,0.499508988814221,0
-0.5371476406944453,-0.10150323099711112,1
0.42376151823500363,-0.08889526101169554,1
-0.7095199953298612,-0.6769218377415904,0
-0.18519188913594675,-0.7812487965290393,1
-0.36030821880549313,-0.6667143741321471,1
0.22987424142992374,-0.6493179243314895,1
-0.017928789109895593,0.78510382629957,0
0.6531804479497103,0.09614856696160312,0
0.01865503030353799,-0.79261055733689,1
-0.05031014200708239,-0.6145311430865477,1
0.46661832525932145,-0.17196422606273232,1
0.34416615314458987,-0.023134174717461153,1
0.4207876964214159,-0.03180544441153299,1
0.5500835302587008,-0.33945099175534676,1
0.436329557538792,-0.18069207607382998,1
-0.44108804133703616,-0.629007785852115,1
-0.12754422537946497,-0.9191024121781286,0
-0.13147914214033452,0.9815336597695739,1
-0.1386493186644926,0.8817750297066558,0
-0.358523598106113,0.5254144180184903,0
0.4359704752955711,-0.8441870525888753,0
-0.40110893172748074,0.5495301887082154,0
0.6757871335138701,-0.0973553208818283,0
0.12287230070406041,0.9113668530083754,1
-0.8737210249456064,-0.4719970145867418,0
0.3561654296141932,0.013571154168444677,1
0.7556889076834559,-0.5224549094261433,1
0.38587937573870423,0.44141140746084107,0
0.4285845635928258,0.6112067469453473,0
0.07101889313609999,-0.20060119254251285,0
-0.6961465882362774,0.5991704965460518,0
-0.8288143991682735,0.4397835720214043,0
-0.549440383970738,-0.7346614337220441,0
-0.31242007372368086,0.7087466641625517,0
0.022829905375123083,-0.03873540822861421,0
-0.44442001954032784,-0.3138126198882063,0
-0.5755957658545794,0.36732960661612335,1
-0.7014017203412166,-0.27748738567612685,1
-0.1804242105466709,-0.6277751709437753,1
-0.061538508197403585,0.5141134177063829,0
-0.0031372103315023825,-0.3237379332525394,0
0.27420965668829944,0.6638435081782954,0
-0.7674673954813411,0.001956150379009758,0
-0.5032630335808217,-0.2541227777371593,1
-0.418364551743579,-0.6169635737402857,1
0.6440837706339035,0.20700612780651584,0
0.3523216562770233,-0.06693956447746774,1
0.5151802805290184,0.12592857625927345,1
-0.5251708542391043,-0.7600029936631691,0
0.6020551527782729,0.05521416555857894,0
0.40017488145195057,0.720722268378065,0
0.08127845689076962,-0.9770994115109302,0
0.7320226849736142,0.5721484066609528,1
0.30073788480408004,-0.8433834223911996,0
-0.09651314173546477,0.8423037790077821,0
-0.27787963319247133,0.2987954240280084,0
0.008155519205493622,-0.3246619642922217,0
0.3014330433511765,0.6030405320112247,0
0.8669542486742112,0.3112484029560263,1
-0.27805164103041435,0.6719282590654485,0
0.4067300295304008,0.21055388113366624,1
-0.4416209332591481,-0.16425628703354955,0
-0.8444249985978187,0.17361696138863936,0
-0.7115735750408827,-0.23156057841295175,1
-0.7321956646112346,-0.4735376098751789,0
0.05590900843692115,-0.48692138846824795,0
-0.09505952185269329,-0.8581127267930095,0
0.11400649560279841,0.3419301480651773,1
0.8177305422489904,-0.39736236038653083,1
0.04671314841891738,0.8670628788365187,0
-0.3190358410877876,0.9404823279662922,1
-0.6481648536295332,-0.2790528368925671,1
0.2960178948879466,0.356033434448108,1
0.004639954755299769,-0.9515683396464218,0
-0.4925720519549901,0.7279420579825555,0
0.13266303721990735,-0.5876017489165282,0
-0.16582995255439692,-0.3106562512256845,0
-0.3106795028155651,0.9064856297075399,0
0.7467406118394377,-0.23387147461202096,1
-0.27333897807372565,0.1300576467973198,0
0.7522033477856516,-0.17095096023049194,1
0.4951577149736448,0.4504275122662551,0
0.10149239641535157,-0.9278925655487718,0
-0.35172784245487665,0.49862619560965626,0
-0.06724430539984638,-0.47085265962116707,0
-0.6843115219505163,0.11176624824424763,1
-0.40600765424983987,0.5234212022427465,0
-0.3406427452452314,-0.017626396935406463,0
0.27655587523957204,-0.9497153729106178,0
-0.3459408718900121,0.16453650064616832,0
0.389532228343334,-0.701574793839352,1
0.2570157594413489,-0.31249212089622147,0
0.6023947137734107,-0.16280219369211757,0
0.07952080488867153,-0.9051041950329355,0
-0.44991014404642815,-0.27235901717540734,0
0.2898948687180023,-0.18507269464593046,0
-0.18790593958079582,-0.3782522946076079,0
0.29361861858191407,-0.34630401916846876,0
0.08766775645382374,-0.6491978567491723,1
0.004158536032585536,0.8908118527995299,0
0.08647476916979491,0.6933470339468921,0
-0.09164104849257404,0.11427440811017342,0
-0.4241566447762517,-0.41867978289406627,0
-0.5086513157284904,-0.48587284922137775,1
-0.29991150254071197,-0.403615573334708,0
-0.65057228698987,0.35678215022946635,0
-0.2048136412618422,-0.6397333837391419,1
-0.20352229170337788,0.22843617728543486,0
-0.3352194822815775,-0.8720508159891207,0
-0.20479762821428915,0.8318361531898448,0
0.4237772106940616,0.8248912087611415,1
-0.2079919968308952,0.8912766646701182,0
0.10989900940394048,-0.9502111764000516,0
-0.5641333553747945,0.027359116626610502,1
-0.2004645954651154,-0.8720235166438601,0
-0.7752501445640516,0.49883576215566316,0
-0.6319577726557457,0.5055910768404408,0
0.8641983286038892,-0.04778091279809504,1
-0.5639246148901194,0.28086829195872176,1
-0.5915470815459507,0.23572010965608836,1
-0.17105078256791995,0.7412115611956738,0
-0.4080941095549293,0.1757889936672814,0
0.5965535905378299,-0.10654006983583941,0
-0.6028496516134219,-0.3678881897027708,1
-0.7868808609349798,0.3403114741974824,0
-0.5923420350154385,-0.4562021478631677,1
0.1623659302873346,0.8301587642992105,0
-0.5025060215953037,-0.8619174926422555,0
-0.36809269025104974,-0.9219093400360474,0
-0.8899265050046601,-0.38796659659577126,0
0.4548159416975963,-0.27947054212702693,1
0.45339379260824364,0.7195348008052493,1
-0.7756539962493529,0.01468057762714614,0
-0.744125573186508,-0.5986073380470192,0
-0.09319136669210759,-0.42747737048429535,0
0.2891278813057776,-0.08940112395045485,0
-0.20160702120369467,-0.05504670378794341,0
0.6089637656742386,-0.664194626094069,1
-0.45774986458429057,-0.7609975053106284,0
-0.39080894096903407,-0.3567402332689713,0
0.36564008892368904,-0.17738114653314163,0
-0.3471802013111809,0.5214423771568406,0
0.20884547778263496,0.0009079019090301177,0
-0.6338136553157447,0.7272579622594642,0
-0.414481347073302,0.4119865548837296,0
-0.546172065497609,0.1585389400892545,1
0.4593595020902381,0.8808061872945065,1
0.46260376804868564,-0.097600718846792,1
0.8140816733630329,0.1536257510240011,1
0.007741770757858424,0.349814493232123,0
0.6912222517413353,-0.7020688591292135,1
-0.20457119938250568,0.0799587576819345,0
0.5994665497232698,-0.241894139240453,0
-0.21889944451676957,0.7781020400852778,0
0.322572579597034,-0.07082474544421546,0
0.2152780452875349,0.6028219043234586,0
-0.3228272569823283,-0.5673358473877359,1
-0.7404041644687518,-0.42783559655295833,0
0.27289640680024063,0.7010853290159764,0
-0.14459338896781593,0.34756709605727587,0
0.05743381909912837,-0.9284300546924575,0
-0.56627151435048,-0.2976297523426965,1
-0.05405269969305504,0.9116485238189906,0
0.1302404990012458,0.2851793866419208,1
0.2058285511232827,0.08004974924844843,0
0.6527867703815704,-0.22802760681357226,0
0.5385659292514735,0.3363927817957997,0
-0.49612932019832146,-0.7865392593883322,0
-0.30971330809439057,-0.7381565689019012,1
-0.5714195087189453,0.7296764985409034,0
-0.8866657492795464,0.42306645515558117,0
0.8264652241032187,0.1842587650579517,1
-0.8171007462939393,0.48110466555868125,0
-0.20724989903682367,-0.326302099849465,0
0.3891428309396052,-0.4505924975451081,0
0.500160665497233,-0.5139199469683602,0
0.8411754161408809,0.4982110788501264,1
0.40213683889576113,0.2608449442093721,1
0.5347919786196484,0.2392842592741764,0
0.8251053799959391,-0.2694515363689276,1
0.5524255196522003,0.05909319861882967,0
0.6519740160956293,-0.6642139507578899,1
-0.11197401540358798,-0.8363844372524016,1
0.6461272336646002,-0.4437583550386479,0
-0.4297326712981584,0.1268334221927936,0
0.27762861071463263,0.823163882572167,1
0.07569439899256158,-0.08359118591794368,0
-0.6056819688059039,0.07125944992335453,1
-0.6571863010831158,-0.3197633944276965,1
0.6435922055897689,0.4741085626936572,1
-0.007709506758078355,0.2701168699590395,0
0.6641406976381168,0.558842114095184,1
-0.43982883161784203,0.5003722088989946,0
0.7680444138207965,0.43399463333611044,1
0.3915824119660791,0.24769966690114598,1
0.5377021916058526,0.3553426687011725,0
-0.34603916930328227,-0.38896030646396507,0
0.01530729352261151,0.5970423266148135,1
-0.8469716363045652,-0.17477913548376844,0
0.14152081809124217,-0.6346396035567161,1
-0.5705752411820011,-0.7519748000537463,0
-0.21916333316623415,-0.4232833764019053,0
0.3607705000586059,-0.03635878300483131,1
0.013990823892906956,0.6466453178556626,1
0.02213817577008448,0.34614362698847945,0
-0.241854832480491,-0.9690394513751379,0
-0.18144536046755722,0.39105813618534313,0
-0.2235185494237102,0.9441248191401894,0
-0.2794698144015044,0.5581004530321318,0
0.6453128838951145,-0.32425349894267574,0
0.07514533727265316,-0.6764377379890012,1
0.28207092917547083,-0.9549216467130208,0
-0.08748042729635008,-0.03795559881535171,0
-0.47187869214608624,-0.8714655454035947,0
0.8207141581067845,0.012753719181489043,1
0.5315993959232403,-0.06973545986406737,1
-0.02984546233201435,0.3705771728812648,0
0.24582289030922944,0.8128396642616114,0
-0.6067287970211017,-0.01638224882552075,1
0.05498005168578746,0.710424064613931,0
-0.5204523449763323,-0.22576563766414237,1
0.12411455707410335,0.6170128523742568,0
0.3150056902068894,-0.6406797369262327,1
0.7648483253156426,0.630884140610698,1
-0.5453983110977021,-0.3868236182125253,1
-0.7570180953409475,-0.386624056792221,1
-0.28374135997401506,0.8105745434285316,0
-0.6512757773077904,-0.6619741328222304,0
0.6473310300581769,0.01961392029263176,0
-0.5638881622298282,0.3223309654773603,1
0.39941350197361847,-0.23693283638182794,0
-0.41955180670010916,0.7997885956505137,0
-0.7187678375571205,0.3082620609079598,0
-0.1984104175399517,-0.9552968525218619,0
0.09407719598479192,-0.9789809440968904,0
-0.4525351302807543,-0.5813383107091747,1
-0.2513260207049295,-0.4031630795380756,0
0.5478983513272737,0.19833735120419882,0
0.5771805488368023,-0.31704927479550915,1
-0.43788395806381253,0.47159104094010584,0
-0.12986487578470163,-0.3247942498543017,0
0.29522062269812355,0.1510001120919866,1
-0.37085876469053836,0.6108245662039968,0
-0.11685543544944266,-0.8719783493948376,0
-0.9585595924166761,0.18245413075690098,0
-0.6782971909998958,0.6668751995706368,0
0.4170682575468547,-0.627298148095556,1
0.8668347179541833,-0.23219046652563824,1
-0.006599631977584064,-0.34136025801994196,0
-0.46580179730243665,-0.27661660163306845,0
0.4779976300634263,0.818589641517609,1
0.7909742723130406,0.07466405661299302,1
-0.30226763513953125,-0.053767464495394046,0
0.3822388939745247,-0.7316749069009172,1
-0.4605675971135659,-0.8127495219439442,0
-0.34988897724040413,-0.12606714075635228,0
0.5115309000516355,-0.20960189101872428,1
-0.673428419734635,-0.12049037048116085,1
0.4991923253720918,-0.8226921774319258,0
-0.06191859394005572,0.11970222147340537,0
0.21880386009433517,-0.7772278036966842,1
-0.5919430452116101,-0.6353110785744447,0
0.33231273302310016,-0.4590399259153255,0
0.49466973116216173,-0.5588760025616315,0
-0.7134017960988468,-0.3940223829471843,1
0.8200222578226661,0.43881925097811925,1
-0.5839491411992666,-0.5269900678573893,1
-0.7207317824928638,-0.0288308317088124,1
0.24046806902048457,-0.3128239098561214,0
-0.25541589025687306,0.17150239196257178,0
-0.14949552083501705,0.11846463170303356,0
0.32240925119432684,-0.8607979740190468,0
-0.10930072535274782,0.3493520607308711,0
-0.25065342037979166,-0.5342123434893018,0
0.040593680226398865,-0.9282233467106511,0
0.9493791007582861,-0.050163132605848926,1
-0.2407160604950518,0.6680118326806916,0
-0.8538737064772268,-0.27290452227882334,0
-0.49591230476862025,-0.24944588513091714,0
0.25239194789596886,-0.9172252262016205,0
0.6313917801002094,-0.30347645349877594,0
-0.6662168151167007,-0.48524843106083626,1
0.7777850652230607,-0.2496909400864573,1
-0.26175547705756097,-0.45416240039893885,0
-0.5389765338053785,0.7558464565868273,0
-0.3831276994200763,0.16674976351334436,0
0.03127487454550515,0.13039643747807794,0
0.12445429608078373,0.09486727409135232,0
0.7208603350918403,0.37704849792122785,1
0.7028054412171372,0.02107030032338786,0
-0.02542857903154916,-0.1421760000593011,0
0.014990712802457562,-0.6587117475009414,1
0.8072406509546322,-0.2968277143161304,1
-0.6619652410666852,-0.44966587825330917,1
-0.8616771613367278,-0.15390550813684323,0
-0.8060170913042686,-0.3934140634225698,0
0.6491725962980937,-0.06980225806558127,0
0.3695435380628831,-0.5414225818883287,0
0.9782497022763674,0.10439592790391572,1
0.5036579645289021,0.30549411831021267,0
0.1635011432597928,0.28750132030578146,1
0.7530602668640869,-0.1254415501231887,1
-0.03079753191785528,0.7067818241970332,1
-0.6545798721629679,0.36532596909454096,0
0.8258666695215195,0.19801647139571377,1
0.38198696099065876,-0.17056549886926975,0
-0.18775437080323165,-0.947900836596749,0
-0.7367273985655574,-0.144864812434925,1
-0.8126003481372261,-0.476231821549578,0
0.2853653690222546,0.08873491506412257,1
-0.29460292634220764,0.17624692704510903,0
0.7308321681302039,0.6747677606516147,1
-0.27089932441167974,-0.7560680370409669,1
0.40686804371232177,-0.8532263151846062,0
-0.7115430009024326,-0.6022637575117975,0
0.004194765267969691,0.7283031312907717,0
-0.0641300564787779,0.18566776589219502,0
-0.00808228418924295,-0.08409169237432734,0
0.004336052323813622,0.4534599075019652,0
0.04788174445465798,-0.02205273160519594,0
-0.24540742778107982,-0.18530673783756568,0
0.34978368843606455,-0.09915971519128797,1
-0.16372490397279438,0.5221729708873415,0
0.7686035671578746,0.13573193830795582,1
0.5481988572720229,-0.3703296363751569,1
-0.5565632210399136,0.40463407798069073,1
-0.7899214616970709,0.3284653356854137,0
-0.4014335006473819,-0.21488883567821015,0
0.4107721330353098,-0.40398858990040476,0
-0.24380996230337915,-0.1402726693809384,0
0.09105026725974352,-0.2867549650876544,0
-0.012544426553108279,0.7858288331585301,0
0.7477478149443302,0.2713087718229028,1
0.610888013226621,0.08240117646136969,0
0.27863722815155545,0.825816840392233,1
0.6027617211215162,-0.4296067586256207,1
-0.09468311108910554,0.2835500081460913,0
-0.17403125695037658,0.16487641526829533,0
0.4804052570306867,0.8385547205817048,1
0.2601672269276778,-0.5541768807540657,0
-0.5846691227865035,0.22380424455232428,1
0.2651118206605956,-0.2432045337436648,0
0.4413582096521438,-0.5603980869265246,0
0.4034621227901478,0.7068999254527635,0
0.16664961004666767,0.4073580778777357,1
0.05468756360156024,0.6160101300184437,1
-0.5021993793391242,-0.05748917051604474,1
-0.2328255944980162,0.7115238992615989,0
-0.5223251599798009,-0.5527038599135503,1
-0.6695937983272651,0.11071001554251891,1
0.04997866679559326,0.5530456046326986,1
0.5356870419083053,-0.5174729712204869,0
-0.315737347660874,-0.3284935225902441,0
-0.5156767585709656,0.16590468175220363,1
-0.06857515620457444,-0.4856099309187838,0
0.7632090956920514,-0.4427124739993007,1
0.21667732747658386,0.4501588006320185,1
-0.13630585627417346,0.21635847925884177,0
-0.5446980049811034,0.2261868279470356,1
0.21090255289371007,0.6068043870851565,0
-0.5865188774714689,-0.8024013410371476,0
-0.8463381506163086,-0.010144888919076722,0
0.30375964138480205,-0.5578778855454154,0
0.24990757384559403,-0.0014271554585276736,0
-0.3613794621899453,0.9053026207262864,0
0.4872286470452305,0.6374371812713227,0
-0.44559677130242936,-0.5749515935934308,1
-0.6120674377377899,0.53801004495401,0
-0.7585522539048111,-0.6170925715098006,0
-0.12872579839336962,0.6684131708915722,0
-0.44708747777225843,-0.5042916773990105,1
0.7641020060936239,0.3974194176590704,1
-0.8414656586064289,-0.34229096917185164,0
-0.4492197443585495,-0.5975461797309498,1
-0.22697787722826201,0.7534630268833331,0
-0.37657627422486395,0.5111717334871309,0
0.0407530831990881,-0.1763212208825733,0
0.10112095043280944,-0.1882270444852725,0
0.4457892126149774,-0.23010427121716792,1
-0.3717810992333619,0.5789948238288176,0
-0.6761233528835622,-0.5794724525764792,0
0.381961115080538,-0.08512100404570111,1
0.19177930593780657,-0.931340890366366,0
0.44740396895520895,-0.8151972915383914,0
-0.6585177772157713,0.42960155684567125,0
0.7530559510576951,-0.5357023708995792,1
0.4840371898717988,-0.26881114273071827,1
0.4926764569383224,-0.7523056311673253,1
0.7527416808179774,-0.24990331287215195,1
-0.8965279062243565,-0.12317097575972169,0
0.804389806553615,0.2918122800914167,1
-0.443818793083939,0.21018612169821593,0
-0.9527509676544215,-0.15726249786548263,0
0.7068262214880723,-0.4475456543868337,1
0.31557656158815206,-0.8567953345275288,0
-0.2515196362710086,-0.5574164547882887,0
0.8477001785556544,0.12836062488289124,1
0.34527368964643657,-0.10000030059519749,0
-0.11551018863512619,0.011642948277803988,0
-0.48347539387346616,-0.09782956615716687,0
0.16733411980771873,-0.2723746404752698,0
0.37067398771777027,0.32009179266711585,1
-0.17126320624049707,0.039673541856577454,0
0.3604424997919098,0.23879995927534026,1
0.4506596343840641,0.8102260235852847,1
-0.25748757755885854,0.6892364811058584,0
-0.29987505469288367,-0.18611992002179933,0
0.4184837408018254,-0.6577250406136612,1
0.8161167975790922,0.5071752480742995,1
0.1497912818081546,-0.6177115472247021,1
0.25070861468836525,0.7191371642698454,0
-0.8862064183512992,-0.15807458602829128,0
0.8595860081967575,-0.1023116147141605,1
-0.24146614006600364,-0.8122056564188744,1
0.7783163206161812,0.002503482991789374,1
0.79898979636212,-0.4190826123331681,1
0.13640791331428814,0.07820367711401444,0
-0.5087723801778239,0.14317590280393566,1
0.8267616540453764,-0.27883524511174507,1
0.6743193217197032,-0.7000600127234851,1
0.6625247389441327,-0.19706093884995046,0
0.44596585510494124,-0.47966655876090014,0
0.03688831580701657,0.30003650624777123,0
0.27753452560131375,-0.23406323424197306,0
-0.46914847028224904,-0.5783662618632079,1
0.4967960538912277,-0.5063233887841381,0
0.683317636614305,0.6314279000396708,1
-0.5030145145131415,-0.5069116755286798,1
-0.6001499480021044,-0.19650993386964033,1
0.13289156427814075,-0.4129103493837012,0
-0.030933389447387993,-0.9085685207064971,0
0.8295337009484356,-0.2922087986762876,1
0.41796349382178155,-0.3406518474453788,0
-0.17574513950720738,-0.4042106748453467,0
0.25581684291668316,-0.3090360971339423,0
0.4615269139172167,0.2304804774725544,1
-0.593631432206216,0.47061079133627803,0
-0.022477275428065546,-0.06730245272945545,0
0.7500709368550071,-0.21503958614096086,1
-0.17380250631316496,-0.6853093453647336,1
0.2321392882063562,-0.018841472547303617,0
0.6602958511948547,0.3333724233798052,0
-0.01622965124475817,-0.5816612604596791,0
-0.7306672231900713,0.25887529634660744,0
0.0014724409664290672,-0.6552615432599416,1
-0.20878873228105643,0.7396232880646978,0
-0.05390058439380807,0.7979362921374222,0
0.4168937928039471,-0.24763909191388556,0
0.39340688539598934,0.2614424237798889,1
-0.7261619552088776,-0.1708939681839261,1
-0.6312929543654933,0.5013603961493809,0
0.30149305135845395,0.8216820963949338,1
-0.6544244811110267,-0.08755237837680285,1
0.04294603070957814,-0.2908307876464604,0
-0.70395767998479,0.3583658790367221,0
-0.5493505915977881,-0.006416708549091599,1
-0.24042090231648006,0.7244231904656908,0
-0.7388357130020242,-0.35669674104194926,1
-0.5974290081434772,0.7118492975402662,0
0.15533558248268275,-0.7482880338215605,1
-0.7743874245931603,0.12406373423256167,0
-0.66116728378201,0.30633800678453627,0
-0.07980472356590962,0.8131824986210614,0
-0.3172071006408297,-0.2496324224272779,0
0.034381486450269616,0.2681829005031078,0
-0.6614524444110867,-0.5581892471899779,0
0.05309866672359065,-0.1281820868537955,0
0.1361056824230844,-0.9855291627514882,0
-0.5379517769550195,0.5312465665359756,0
0.23644479395381102,0.3023446642891898,1
-0.47738284026086375,0.6787505164392866,0
0.31763876304419236,0.6509118220272823,0
0.010298884735443048,0.7159212704865363,0
0.5321487646348553,0.06752748657715779,1
-0.09374569776979658,-0.4365599871619641,0
0.29979662028229437,-0.014996480538175705,1
-0.4123028726294107,-0.8993016227678681,0
0.11088121860707245,-0.9527030216330044,0
0.6997919634035645,-0.2706538299365888,1
-0.5504306355533015,-0.24450344716045103,1
0.296630407265704,-0.3907818933995404,0
0.7296461531889149,0.4033571069338737,1
-0.203511324864746,-0.11756773911070106,0
0.017256923562107396,-0.5116066522078726,0
-0.6210959084595011,-0.393048929531407,1
0.6226341007817113,-0.12487490533679368,0
-0.10492929213234303,-0.47271375640434976,0
0.20529756616063732,0.002563345495261604,0
0.0768456357849665,0.3560646840647401,0
0.2432829916566619,-0.8547868957017433,0
-0.2804310213021268,-0.9564173773830054,0
0.6143059388936734,0.3051864803413984,0
-0.4855570446521065,0.29285898222237283,1
-0.012243257436695298,0.5084115651204497,0
-0.7627159338294627,-0.27864770404371764,1
0.7476810356256736,-0.5871747884955236,1
0.15819383842163615,-0.31122723788764795,0
-0.03306516648741664,0.03601977275003221,0
0.03205260128176679,0.21364696097900304,0
-0.2902357387586947,0.12720693220248558,0
0.5754831297834688,-0.6040552213492227,1
0.7664441289080608,0.09942200393891998,1
0.6019501799652427,0.737244975753343,1
0.4143974576479499,-0.1634567101406963,1
-0.409961990722131,0.8238372299002878,0
-0.5802848336765634,-0.8045421478336665,0
0.7032549345376631,-0.5484301078949709,1
-0.4362162833841883,-0.002386313346357083,0
-0.7052202096910636,-0.05244736330265276,1
0.36826030517546693,0.543864162880652,0
-0.6306307966688056,0.5697691156349722,0
0.5201242492103282,-0.09827420489359451,1
-0.035303264441297166,0.8329218014354054,0
-0.6295356283130618,-0.5022185291585288,1
-0.40135258723363454,-0.5488613183530597,1
0.4801515941977501,-0.22233745655323367,1
0.48077420950360605,-0.4936399900410473,0
0.7254821891236465,0.5691134597001897,1
-0.5831913346859152,-0.4632893353039511,1
-0.024764867916843736,0.09722600975397211,0
-0.06425768044829505,-0.04715495773802125,0
-0.43606167386328765,0.7987050527949417,0
-0.727154557791887,-0.1725905607420739,1
-0.5058351305693507,0.44237383690424203,1
0.7363050129170743,-0.03978693967923941,1
-0.8873184648966881,-0.18927848982282347,0
0.2540250667678128,-0.9067631970925922,0
-0.152248633417003,0.3378603538136431,0
0.5943303939692515,-0.12068523041822243,0
-0.7292826935508545,0.6072262023765058,0
0.6645655956013476,0.32825296516670965,0
0.5146967761362058,0.5209743564088625,0
0.6291663117300423,0.17280335158438453,0
0.3298203217476401,0.12416716420885399,1
0.5506769228733277,-0.4716165451622012,0
-0.9204727802138981,0.004987867675828372,0
-0.34563117650420283,0.08499411520788636,0
0.6394396656838781,-0.1565161769233978,0
0.32345056991841425,-0.851448206436404,0
0.19560841263651652,-0.39114907834505575,0
-0.2100922712904194,-0.6592849607504989,1
-0.7393216404946139,0.6253494046871122,0
0.4250080811195538,-0.5138679791492138,0
0.8136651905298298,-0.14946808775246856,1
0.7994356423568068,0.42853759511309164,1
-0.7242368097153811,0.6542183404891768,0
0.5914999652346076,-0.1287517304710264,0
-0.3102627470961521,0.5324535758269637,0
0.1577717731018371,0.7089772791840998,0
-0.23670111808961414,0.8170635596030806,0
0.917727307319604,-0.12752775002393557,1
0.2821687046433623,0.7255656707416271,0
-0.6544207422566775,0.15746451428831598,1
-0.2549647754050892,-0.755942411944406,1
-0.34679868234468403,0.33232940876713557,0
-0.48504417902213115,-0.31880981342595516,0
-0.0039013421752835953,0.3406084391366879,0
0.11771094903848778,0.1747399586540721,0
-0.1940281506640016,-0.46916065120204786,0
-0.5673575397872006,-0.016592628879357196,1
0.5908877757837565,0.6264566015479678,1
-0.4057174905368899,-0.23295343613959263,0
-0.24130978759835608,0.9475384883128435,0
0.3439987415293737,-0.30339264873508776,0
-0.63167968287722,0.6779813595321316,0
0.302563557809133,0.004156876388357045,1
-0.07157881561348622,0.25196541490215774,0
0.8253845729077696,0.547382303331609,1
-0.6150384679626315,0.13209223315775986,1
0.025593887382627134,-0.4173255355789327,0
0.278221594275901,0.4962170291695054,0
0.25902935571966745,0.7248027065952627,0
-0.15624126815457795,0.6083715735091131,0
-0.013998339126182868,0.028835380073780836,0
0.3769658961590132,0.0654069419706389,1
-0.28365047499931584,0.9056035429093792,0
-0.1725707667732823,-0.06867293066512947,0
0.5375071880668725,-0.2744708917224885,1
0.11200392368961287,0.41374388676802254,1
-0.6806373588131838,0.2200244040377508,1
0.20423493939529713,-0.20812181985227163,0
-0.5282930288197336,-0.4869444542638761,1
-0.03650999222433504,-0.952468064897924,0
0.29751210711315923,-0.762223756762787,1
-0.6335540772630095,0.15788315599919978,1
0.17697193075896345,-0.33064920530432884,0
-0.25758175873342415,-0.4079333960061995,0
0.7824074273570392,0.008911756911595958,1
0.5520187453351522,0.05700675668475674,0
0.9379751676606367,-0.32907035566391585,0
-0.75868272074023,0.015197973497578232,0
-0.21565196962910305,-0.7927451385489446,1
-0.13047228865177662,-0.44294254230016206,0
0.6837137214143547,-0.040888709900294806,0
0.7119888615339811,-0.22003231542944413,1
-0.020477439339994463,0.2871719772011012,0
-0.4515125827310065,-0.7941371894426794,0
-0.02641070135143808,-0.3732785332413755,0
-0.4547156373617509,-0.1451877933551513,0
0.7864873741840506,-0.46993966903790185,1
0.5609083414157643,-0.4833459558579143,0
0.2640452823964934,0.9164511981011041,1
-0.8956469362212001,0.2531254956216964,0
0.09203732605649972,0.01967422687981535,0
0.5351397650826422,0.6835448888745845,1
0.15396069163867399,0.629664480849355,0
0.8580740370364519,-0.0029002629934020696,1
-0.19613947819097843,0.9245432772037361,0
-0.2991427346579789,-0.8441072663761942,0
0.4025096012941951,-0.4721132458411126,0
-0.26290982411190145,0.6864199969194116,0
-0.14965034596096705,0.49323275859045834,0
-0.10779258174502648,0.8466993317010871,0
-0.9892428918780956,-0.130765157369771,0
0.025072333734348806,0.5341950264485043,1
-0.0038260852131331013,-0.2056704790381192,0
-0.838877903234557,0.20885553249831879,0
-0.3172885184890344,0.46520151505907004,0
-0.5738153125216412,0.07386383667575891,1
0.06881875690875394,-0.5735408205525443,0
-0.6197513139283892,-0.14614909139476207,1
-0.1754012258715234,-0.08839354360398355,0
0.3214782055644614,-0.034870978037420786,1
0.6413937770494511,-0.6813344949097422,0
-0.14267538280894887,0.543453021238429,0
-0.4708633435463452,-0.33359428770095856,0
-0.304411669640152,-0.39798593196743015,0
-0.10084573997952062,0.937637167947758,1
-0.21699986600350996,0.36290410087111136,0
-0.3973201867465783,0.42364070502052886,0
-0.3524708519495008,0.42988598764863517,0
-0.2743138885112617,-0.02744316163393834,0
0.9527160224703703,0.04033719286338533,1
0.4361879412450511,-0.11696840161365119,1
0.36905869551143455,0.23273784055462987,1
-0.5714772308715821,-0.7974407301629958,0
0.6028786947969578,0.7379295960163383,1
0.7197163608248149,0.364160974357542,1
0.5066162964192629,-0.8102094593382012,0
-0.578479670484229,-0.6436660259813787,0
-0.18392974359732372,-0.7629141689327594,1
0.2383493208181937,-0.0898560475669794,0
0.7408341864937638,-0.6631019674876455,1
0.4234195414949724,0.18502656233529358,1
0.32222959234900417,-0.10833157898486756,0
-0.956448829318755,0.12894048933046576,0
0.8827151185529036,0.12330757976295326,1
-0.7673415723534391,0.5527334839995499,0
0.16817490582749062,-0.18252906616779296,0
-0.387585812622953,-0.4589392511876502,0
0.14165690763363759,-0.16769213135548844,0
0.3495586479300341,0.4006139206554895,0
0.3931976716178358,-0.7329762474425321,1
0.5272240101608383,0.343422315525725,0
0.03430138603502719,-0.846781766008041,0
-0.8621730012884248,0.23050935881888934,0
-0.47385686858927323,-0.6575611153038277,1
0.004309054673317547,0.6003399849114597,1
-0.019508787313767595,0.10316541030235982,0
0.09289537303853268,-0.1234547917571196,0
0.4230237682715148,-0.6363252221133684,1
-0.6812743685502325,0.5614150392526258,0
0.30153623826604603,0.9002044042826463,1
-0.7331565462173866,-0.23162324725512895,1
-0.589471002573478,-0.6020506329702839,0
-0.5040581917576967,0.3892147807886095,1
-0.2469516077372107,-0.2582563338419748,0
0.16927768172776947,0.7284388247929836,0
-0.19225918567359468,0.07013316079411291,0
-0.7467200495794246,0.18161356504461956,0
-0.05402863900320898,0.5265226198894275,0
0.19698160164807432,-0.43184729237272235,0
0.06885499005529794,-0.4114794725166102,0
-0.45916149129931805,0.49124447318568865,0
-0.7497724165252844,-0.1677303291875376,1
-0.915554573862587,-0.2980473411042728,0
0.44267954045824665,0.16182011903685756,1
-0.5789180063741042,-0.3580425598655035,1
-0.5302109241554414,-0.1299608794351772,1
-0.5872335705455012,0.44942270831491293,0
-0.2191392484357586,-0.15219011608166122,0
0.8023439346245667,0.5301638703220373,1
0.3536034692956165,0.5918925131123678,0
-0.12534694557960768,-0.16764092748610815,0
0.37709965733097794,-0.30071341030105936,0
-0.4562086807360983,0.6253459157869721,0
-0.7773045845250568,0.11702737199664992,0
-0.8598845931067984,0.19112993404660106,0
-0.1489982447222593,-0.9376273492373051,0
0.2508529864379796,0.5055823254782676,0
0.10619169110876525,-0.6030189576795564,1
0.47707081697958054,-0.5698960142536038,0
0.08757012841392298,-0.9048511188362751,0
-0.7179182557376422,0.24501193967862878,0
0.551981580271488,-0.23838600776802465,1
-0.7337908128203745,0.3476169401956757,0
0.3467641016977956,-0.15819069491399507,0
0.18041612897537096,-0.9712616478002394,0
-0.2821882134230167,-0.7736895456233888,1
0.550706740218426,-0.04874586209409215,1
0.649626848389572,-0.31296386262069475,0
0.13044235237053847,0.8826434224027142,1
-0.18328305442812765,0.7481228107901066,0
-0.13807609849785996,0.19576206323527878,0
0.3009844210945605,0.5562755141905589,0
0.3726648830107535,-0.49192781634700644,0
0.24651020113850652,0.44941124388457165,1
0.1256087395354719,-0.9816909543583006,0
-0.016047542974512163,-0.6470899663091725,1
-0.046255714728277164,-0.6016492775325095,1
0.2450244204088352,0.8937609455305162,1
-0.6726529328306676,-0.5550078253472943,0
0.3096084854878023,0.497065264712631,0
0.3307375343928247,0.6261627558732064,0
0.5619384235010663,0.8128426621315255,1
-0.14721709741563438,-0.8517354507167951,1
0.2627218674669747,0.9388758629481673,1
-0.6344920633855031,0.2683498295827573,1
-0.27511794278787893,0.16918962151979255,0
0.021123695591732883,0.6921769289486372,0
-0.6596730890890097,0.011519715493862659,1
0.3167252206494655,0.04552076071561317,1
-0.7040499210091578,-0.04648736849544943,1
-0.15809239322393598,-0.4896122732656738,0
-0.26436753544910596,0.5628184457080294,0
-0.31931780932906384,0.28768349175157093,0
0.5235428361207395,0.025137292739262795,1
-0.459754305837919,-0.7840428712258283,0
-0.3032290041934149,-0.9156955604110357,0
-0.668954925685298,-0.22184334047468934,1
-0.31920790167330093,0.18549125212306383,0
0.3260198040716664,-0.2574154444729635,0
-0.5897789089351715,-0.05778018498054904,1
0.06230060856477615,-0.7174626360293068,1
-0.5584398670256892,0.16801567377321103,1
-0.1057671697864615,-0.2647300740449281,0
-0.39750530330832445,0.5345077777375145,0
0.840076020572281,-0.12050357990210259,1
-0.08701457513356714,0.34862888180565066,0
-0.662472328907082,-0.24466928174868952,1
-0.5564884675561006,-0.4481774275043555,1
0.3242731459630863,0.5157893553537771,0
0.44023062199350704,0.5079770051271044,0
-0.3113402868434745,-0.4991153893819402,0
-0.2369130104619228,0.30393153642058923,0
-0.7027647669125265,-0.4055992321481514,1
0.36964025592983996,-0.030882103569279895,1
-0.5093885183940201,0.46113040260680926,0
0.23984337515718135,-0.4562588298438368,0
-0.23965388554136635,-0.3227918961230376,0
-0.2759082677506455,0.9270002812064084,1
0.014321557904476645,0.6255830560093127,1
-0.7792565337301844,0.19392371206461578,0
0.30316393217710647,-0.7035460063221397,1
-0.30484261600356133,0.25308788571328944,0
-0.45838100770809764,0.12073126405886159,0
0.4821242993303081,-0.2160808133792924,1
-0.034948282008191445,0.06570634612923065,0
-0.001644039382152851,0.3678341019950486,0
-0.6636286172745214,0.3809721780644273,0
-0.6347259491810926,-0.46846455276784127,1
-0.7441953650360136,-0.5582611650623537,0
-0.9104079870553181,0.021055175835149598,0
0.4427234641055591,0.1527490881503364,1
0.9379030411400096,0.2949949410354611,1
0.20075510892145765,0.1525032674499851,0
-0.012309054218627491,-0.6133959868522219,1
-0.7088945679403731,0.02806283421626099,1
-0.7945454435473407,-0.30389162095474775,1
-0.6973346584755753,0.23148677350548952,0
0.32356256538666694,-0.24161107606346266,0
-0.3826122419767435,-0.6508038319631126,1
0.47082281243670665,-0.27587951248551046,1
0.788272915640063,0.43196459147663013,1
0.9697763897877516,-0.2127132256013229,1
0.425380315670445,-0.15419868167926176,1
0.20868072292883832,-0.29509659738396565,0
-0.8289529654413248,-0.37758218172146285,0
-0.43875308711020367,0.7807766762857176,0
-0.17613950841188641,-0.7949556307789694,1
0.6515318590504293,-0.634469391357287,1
0.6929101240693798,0.029151889850260737,0
0.29226461350830935,0.34718254692736683,1
0.7212807468911135,-0.33292208809843915,1
-0.6676034327442271,0.2780372231411352,0
-0.5227125101365333,-0.525574020194989,1
0.16760891301005176,0.10414609973202027,0
0.46777395192035676,0.021690674612088623,1
0.3789241939095491,-0.13893719299040352,1
-0.3763022249260046,-0.18814645037582567,0
0.09019566254971667,0.519841819832807,1
-0.5674365971151885,0.7949122335042609,0
0.768504630499093,0.2693606219837079,1
-0.3813623959842303,0.5025581008313913,0
-0.4116744456669932,-0.5724585526308761,1
-0.8159873837606042,0.1069537901135611,0
-0.7359235114938614,-0.2307962974015345,1
0.6587373167516535,0.18134829666454366,0
0.45408293721865833,0.7435986944382698,1
0.20791109698604737,0.1361387487480512,0
0.5307858769563263,-0.2012900871566996,1
0.9463926356491872,0.20533648065620613,1
0.5722067104117265,-0.30285793405500705,1
0.3306145521361956,-0.6846654918420749,1
0.2815871886869301,0.030554834245519302,1
0.5206433866693347,0.08301678689408609,1
0.21283330879385698,-0.3357966956636569,0
-0.4709893083854253,0.481653534866779,0
0.32189269192798164,-0.7939844522105843,1
0.02696317280544913,-0.10029667044141655,0
0.4230456974923589,-0.04060581297511612,1
-0.7584787149846173,0.54534620336789,0
-0.47502870134188235,-0.5376315969025911,1
0.4906168282294474,0.4392456352724601,0
0.4747061266455088,0.20360340014113776,1
-0.05422855438983287,-0.19567975005412075,0
-0.2202136762698108,0.22310394087866525,0
0.45549429678101494,-0.8595541595928227,0
0.11361928396779875,0.8132402253133497,0
-0.05593620778622932,-0.6266749032068739,1
-0.3936069512940248,0.4408201337691444,0
0.37370849444232523,0.8430716026251799,1
-0.21878915488783246,-0.8495838943755825,1
-0.6552531412391658,-0.6329485476649679,0
-0.29824395809050186,0.7504410376772945,0
-0.6802229728169265,-0.2337865764032161,1
-0.9079854866385777,-0.38243026681206227,0
-0.38359679757576415,0.6440272147148618,0
-0.7422384442469192,-0.5784611017767547,0
-0.48504472266448073,0.8087360985358591,0
0.8496831409564887,0.42174349625021823,1
0.48893359098984845,-0.5812650758695379,0
-0.8338344363335766,-0.2513980841805221,0
-0.9040895952974681,-0.33141464206023064,0
-0.13024544755074974,-0.8736381655524821,0
0.9140479734066835,0.08503341410981147,1
-0.2872572572381311,0.835218655311825,0
0.04792569735515029,-0.9419284187467274,0
0.7257790364572583,0.632596627286703,1
-0.23868425995945897,-0.6403610839822897,1
-0.37286494244336676,0.3092813872996658,0
-0.09500496490461696,0.9196601493931629,0
-0.9619196150233553,-0.040537193369982516,0
-0.5899916725597771,-0.3839909622902742,1
0.06714138697908956,0.026365873086102054,0
-0.6269291588301267,-0.30342224334015033,1
0.09025236943521353,0.1948318173568968,0
0.460809975189888,-0.19816741044179942,1
0.8092008465754141,0.4052979161657839,1
0.21627947606120412,0.8054825228210352,0
-0.642801354351076,0.6672985568937784,0
0.695830402812438,-0.24695736076589347,1
-0.20413338612018062,0.657232130620091,0
-0.14718255506654732,0.645293776719327,0
0.5752756767621618,-0.06505839814395276,0
-0.558646105773021,0.3517123837365832,1
-0.007771312128983743,-0.638424920093694,1
0.3345984805161444,0.0760907363740535,1
-0.18224874289884307,0.8330197927378213,0
-0.01913119348858716,0.09036166372995935,0
0.5088799751826716,0.40755568555893373,0
-0.1359450576150376,0.3916908567069104,0
-0.6696270864492353,-0.33032826340541765,1
-0.6214039394431496,-0.41842909682751794,1
0.0036960340433813688,-0.4324245515765732,0
0.2870516259610709,0.22286249580586448,1
-0.5955895683401442,-0.6506871511652343,0
0.11954235196980134,-0.3469175933245743,0
-0.5533975646338767,-0.4081897262575076,1
0.47067774897714165,0.23756707121670817,1
0.14367413438507737,-0.6246913187151977,1
-0.6339083966613821,-0.4661613641333966,1
0.4143692555292404,0.7140993184231039,0
0.2510922761112726,0.8244735666200309,1
0.4692965810825902,-0.6251778300594293,1
0.3293006680496533,-0.508570903276,0
-0.22993458354930185,0.7614082296131877,0
0.9784790175511751,0.12131508748561193,1
0.438912415500883,0.8596226959845514,1
-0.04465190401218755,-0.23438231847924906,0
-0.8693971861145033,-0.2709098606322078,0
0.7573854483281759,-0.08824718172517687,1
0.420706367690302,-0.58780145227263,0
0.20306763034974296,0.7950873998975894,0
0.04089597007388135,0.45354520093085227,1
0.7018197680687974,-0.5830813912040553,1
0.3101456049494622,0.27127598124054564,1
0.6247865461346092,-0.7664462183858358,0
0.008580554961541864,-0.4060164525559038,0
0.2057565571912383,0.02810909030732245,0
0.4122929558853463,-0.6729041254273045,1
0.44789250157016935,0.805542459668356,1
-0.5902899422300656,0.5387602593216976,0
0.27722163952049494,0.5964038064625425,0
0.34127481892989997,-0.3255962871655096,0
-0.8918297365037808,0.2615215679601903,0
0.19620078640614302,0.5848261591610964,0
0.4859366842968085,-0.07699505005008822,1
-0.4330663130647141,0.07936676025592804,0
0.30513696450785077,-0.7367024586851161,1
-0.03979504915971632,0.9949105104244187,1
0.7480782433020607,-0.2831943952605176,1
0.6562375455931622,-0.12920302830544528,0
0.7416799787573025,0.4923434996548728,1
0.3875649207572276,0.8872076286653532,1
-0.44303050511855524,0.8711240467402577,0
0.7982398049883739,-0.22457074071674676,1
0.3183925944901609,-0.4875101464837803,0
-0.5847505247098712,0.5063955980667176,0
0.476750893916686,-0.3834608901214882,0
0.8015402720463436,0.14449526807041346,1
0.6843441122985572,-0.16203620095548232,0
-0.022026393377905684,-0.21626098343444866,0
0.01894950137091178,-0.8442364960082582,1
0.15728706072597576,0.05779174085172012,0
0.2646447234873761,0.1660130499723258,1
-0.8054615119247643,-0.16406887784218394,0
-0.010369381447949078,-0.09815454011974101,0
-0.2298644896904276,-0.23432722608123213,0
0.8524498560298626,0.08425444515154834,1
0.12919176153136624,-0.7092202081867345,1
-0.7851373653196809,0.5379834150120688,0
-0.4746046923322078,-0.19792453794183196,0
0.448834433591889,0.06939579653105898,1
-0.852625152825627,-0.12527095550712453,0
-0.4667651802981425,0.24860928301864793,0
-0.7774898848454883,-0.2752683607973514,1
-0.4314328867965669,0.06850749033689896,0
0.3983418930819713,-0.6984753852254608,1
-0.03250829991922877,0.8639204331221371,0
0.3396288343872449,-0.5476027795297207,0
-0.17495138115485775,0.4904035327886338,0
-0.30015639853856,0.7951072490715061,0
-0.9430659472925342,-0.19160022275311572,0
-0.7121198732065113,0.28101480892015807,0
-0.14517600545055176,-0.35794568213999667,0
-0.9858890762371182,0.06761054410264444,0
-0.2641089213944079,-0.43199246465661223,0
0.5901739875676391,-0.028519776631781957,0
0.39487760910911596,-0.10372807455957322,1
-0.03240992465416115,0.6080046453537971,1
0.2050016614545156,0.9658555263304354,1
-0.3867539964105655,-0.42323816905843437,0
-0.3251467732701607,0.25241035422389935,0
0.2986191184726663,0.5756783408864354,0
0.2946505757065778,-0.6773911512627837,1
0.6989276202642238,-0.5114762323586597,1
0.6893626644336419,-0.3610215114794879,1
-0.8859769372173276,-0.10843599189468245,0
0.47742959114406247,0.2533551255343296,0
0.8697498039040843,-0.43017475534359373,0
-0.6299299596752397,0.46879103450325643,0
0.28872202547020076,-0.04379436419870619,0
0.0025948305838521257,-0.690274509500922,1
0.6727313154260821,-0.6920936062711018,1
-0.5326438102553774,0.5654337358635577,0
-0.1954900032317186,-0.8379874312994906,1
0.2050455770542121,-0.06573366907013423,0
-0.046725885990413385,0.7372147423449127,1
-0.7635212066080808,-0.28317271995959326,1
-0.7298466967373172,0.310385477465037,0
0.7324277739118297,-0.12153541947821567,1
-0.20388283059377654,-0.22416767128747317,0
0.35701294239348,-0.0711702621965089,1
-0.5395959568267081,-0.8397807158311899,0
0.9694416675823001,-0.10430609750391118,1
0.14552385610161922,-0.6983846014286323,1
0.6178218194595346,0.32709071934855816,0
-0.6412765044424154,-0.004351334338318136,1
-0.8429105108110782,-0.46004207426145793,0
0.3079546282329799,-0.07732803083071849,0
0.4844940821018726,-0.12639292514012213,1
0.7716347691325196,-0.09514043817125084,1
-0.4067750072728986,0.1176492610127664,0
-0.4113218177996334,0.36973114615183555,0
0.12204210061623555,-0.6870186335276316,1
-0.28220524617344833,0.7030975194639186,0
0.7479031814426327,0.4169868858827215,1
-0.16549122524487458,-0.5283828839433884,0
-0.6699871671241204,0.30846784120096093,0
0.8793334727930848,-0.13935794293802028,1
0.7152436191292455,0.28057335714452036,0
0.8148891936705001,-0.41160529443754057,1
-0.08787492324941537,-0.61321379330848,1
0.17068182299706391,-0.674418577055276,1
-0.8342903326085116,-0.43578085009764367,0
-0.664938672731612,0.19023614990942783,1
0.1571898246087362,0.48329627979413137,1
0.9789798145754336,0.07247194560969472,1
-0.28858433953240015,-0.708035339371113,1
-0.43635671577413904,0.5966317947720772,0
-0.12832851614450047,0.7336980607444485,1
0.7497732236540182,-0.3320084022040337,1
0.8306670400174474,-0.13032215703628736,1
-0.11437665669659935,-0.174803515394633,0
-0.42867295321036303,-0.725519614513539,0
-0.037400538176945775,0.19601855868708773,0
-0.2026030308619864,0.5842205928202746,0
-0.7189404485559527,0.36426552088430886,0
-0.14460749505751358,-0.7790599842620578,1
-0.09001640747740036,0.20469220646062602,0
0.35620665858377953,0.6523676990403935,0
0.23457691233740752,-0.8656994332674717,0
0.3210894145947403,-0.39460825201827743,0
-0.454376632670793,0.16585962813401278,0
-0.736814862055649,-0.46269141745729536,0
-0.037149193707446404,-0.9861275245194068,0
0.8245087326405716,0.15323388111107583,1
0.2069236906066081,0.4583388642513371,1
0.5173422334740654,-0.5911470143061774,0
-0.7377714244509774,-0.4419510177609165,0
0.2162567604491059,-0.43988233181430214,0
0.5152242596143368,0.8508486257513468,1
0.4845185990354397,0.48096538571669156,0
-0.703222981505019,0.1820308105032986,0
0.20725839511654742,0.19554293324695005,1
0.7438309852319815,-0.13618209096054978,1
-0.15888792685265418,0.35864159591928857,0
-0.4364700306438498,0.6972358304983997,0
-0.3035594259605483,0.8621279470133703,0
-0.23465819109817465,0.8165363022916046,0
0.3493898810261924,0.8959976508851222,1
-0.8419030728894759,-0.2794884579645529,0
-0.49625537881090054,0.16989354139626456,1
-0.2993242638266571,-0.6574192387429747,1
-0.8556293574861604,0.5054427536518935,0
0.038297168787573055,0.5852999647805968,1
-0.06940469209019207,-0.9955828764661365,0
0.4542200683962714,0.22925498421227175,1
0.6816140825306429,-0.4422481247904224,1
-0.022493253169578065,-0.26681647317663915,0
0.2596490949396708,-0.8627944368563949,0
-0.5934908710393554,-0.4927284542653527,1
0.5547247472468197,-0.4018475905771275,1
0.40152020512938225,-0.5889433570740921,0
0.4070089542290163,-0.7170530590561568,1
-0.3743674577540319,0.7773060429715692,0
0.2266139814930348,0.12927170710980862,1
0.011420169910185907,0.6011075436233051,1
-0.07338926865922235,0.3635446028008118,0
0.3463195416440392,0.44008310884941126,0
0.5904119653627995,0.17362418508752242,0
0.3597719436999556,-0.042030021059671796,1
-0.1858899714949247,-0.30044972034344486,0
0.500948880664513,-0.7596623367531836,1
-0.6543691459588334,-0.2707684472225036,1
0.2043133552163381,0.6043019522026358,0
0.3703021062363445,-0.6784023185189298,1
0.27863328092351014,0.4613425782162286,0
-0.7493290764310945,0.22394315264696663,0
-0.5162589144650236,0.022292506635338105,1
0.1438199531349913,-0.712571923093338,1
0.6262184154015353,-0.5615189606587914,0
-0.8926742372813274,-0.031112666643333453,0
-0.3827734231611193,-0.5137944812248121,0
-0.10589569393589882,0.46600577001599364,0
0.8024798055560058,-0.27423695520852887,1
0.5588941798350908,-0.4773551727104801,0
-0.9488232229938158,-0.1431202057151597,0
-0.8138946566722953,-0.5534317803827522,0
0.41207473875352907,0.5679526509115524,0
-0.8421783071412101,0.1480015341811589,0
0.4859861696173988,-0.19966709621737366,1
0.34430836365717354,0.11458327561195025,1
0.3666031677278705,0.32548296209231653,1
0.48031713921402663,-0.4795013997554458,0
0.8236435030523692,0.1684087594928445,1
0.3469693355434156,-0.8557461425476063,0
0.6193072360666068,-0.15383703819089423,0
-0.6615693498916646,-0.4459857247324177,1
-0.6967034561367627,0.2683093041518487,0
-0.6593021513141566,-0.725325780342376,0
0.7724082078924186,0.11798000324277735,1
0.05342619011720173,-0.35346684534604966,0
0.12310041163882457,-0.08673711321677291,0
-0.3563923218467804,0.747464127443805,0
0.5187885091989533,-0.1824432441341195,1
-0.08858995270415537,0.5020328159271892,0
-0.12936018981240371,0.7985502467961181,0
-0.7106542536351748,0.5220747294041095,0
-0.40460351282900087,-0.062209304910378904,0
0.16172191346364206,0.04235824768910734,0
-0.07367215935464633,0.8457604422721938,0
0.46939183350745606,-0.8458036243057152,0
-0.9601192418792976,-0.10149681994930959,0
-0.533536701721423,-0.5393733833817553,1
-0.45876457871715615,0.13462405406393252,0
0.2768161175230046,0.8854718965471478,1
0.13326673361346364,0.4367574514037469,1
0.5318714005541332,0.038954973638377854,1
-0.19715295273536126,-0.5155818549767859,0
0.8764941678791651,0.4008863386879544,1
0.08214454657753234,0.8209956676453134,0
-0.7363028564548895,-0.06428780063947626,1
0.4271947872440167,0.14961481651079755,1
0.12530126934481167,-0.01008385876449025,0
0.3052817554562164,0.8437528414157893,1
0.2137038266471385,-0.373581462004827,0
0.9115418876356771,-0.3124594752570171,1
0.8309796125310627,-0.16019057629813194,1
0.27403812856665666,-0.5247602245594047,0
-0.7153675163142805,-0.37306683936690743,1
-0.05009943343636314,-0.8820440598758079,0
0.6719104318502054,-0.1288542296714621,0
-0.08161086621071334,-0.7086074714920256,1
-0.5837170703953565,-0.3821655888395472,1
0.4326542535939457,0.5565330497135048,0
0.10057987890345155,-0.017745496303996022,0
-0.525819109804806,0.6243916538200676,0
0.46411798878336175,-0.5459797727628677,0
-0.579759736952735,0.1098988651374273,1
-0.5671364541095432,-0.5777456540120809,1
-0.030905140719571955,0.5993566530413725,1
-0.6061179381759281,-0.14229726050053437,1
0.42418430949856534,-0.1293732763694324,1
-0.3455071554736915,0.8661824486630523,0
0.19859461793706723,-0.8422145746940501,0
-0.3318590174569185,-0.6260217058375748,1
0.7689987734533066,-0.22663473034711856,1
-0.5353930842274286,-0.1501345293752958,1
-0.1761558955414766,0.055441217700814116,0
0.8890039380973425,0.27333420139909337,1
-0.08168611214637767,0.4750470387485781,0
0.8402426937336367,-0.15187119344658528,1
0.3913384511308189,-0.726740802611259,1
-0.8829728356305544,0.4367799860306538,0
-0.5690479547899547,0.1700207566530636,1
0.7575305594152897,0.01970954346646847,1
0.44615604339091797,-0.043446427163357004,1
0.28076735688089927,0.4071307539955531,1
-0.7821328986157365,0.6040897492645956,0
0.39541225810904734,-0.706293547442155,1
0.20971471913346074,0.5320622803033914,0
-0.17086114236576644,0.005887268458860229,0
-0.07118131485712276,-0.060927827029451986,0
0.6926097909138074,-0.5551235533852368,1
0.178664704100008,-0.28052995259378366,0
-0.12822315481762603,-0.11986099926085858,0
-0.15500791625696242,-0.24836503467340698,0
0.2646443880052487,0.9586504398340923,1
0.2781472085703054,0.4423635279509124,1
0.10419923851190505,0.5063720038500859,1
0.04759130802023237,-0.17919514949085102,0
-0.572671018592432,0.21854488707190778,1
0.5507133356214167,-0.6076184983656852,1
